622,5
8,1
622,4
8,14
622,3
8,2
622,2
8,3
622,1
0,568
622,0
621,4
621,3
621,2
621,1
621,0
620,3
12,2
620,2
12,1
620,1
12,3
620,0
619,3
619,2
619,1
619,0
618,6
618,5
618,4
618,3
618,2
618,1
618,0
617,4
617,3
617,2
617,1
617,0
616,5
616,4
616,3
616,2
616,1
616,0
615,4
615,3
615,2
615,1
615,0
614,3
614,2
614,1
614,0
613,3
613,2
613,1
613,0
612,4
612,3
612,2
612,1
612,0
611,4
611,3
611,2
611,1
611,0
610,3
20,2
610,2
20,1
610,1
20,3
610,0
609,4
609,3
609,2
609,1
609,0
608,4
608,3
19,2
608,2
19,1
608,1
19,3
608,0
607,3
607,2
607,1
607,0
606,3
606,2
606,1
606,0
605,4
605,3
605,2
605,1
605,0
604,5
604,4
604,3
604,2
604,1
604,0
603,4
603,3
603,2
603,1
603,0
602,4
602,3
602,2
602,1
602,0
601,4
601,3
601,2
601,1
601,0
600,3
600,2
600,1
600,0
599,5
599,4
599,3
599,2
18,1
599,1
18,3
599,0
598,5
598,4
598,3
598,2
598,1
14,1
598,0
14,4
597,4
14,3
597,3
13,1
597,2
13,3
597,1
597,0
596,4
596,3
596,2
596,1
596,0
595,6
595,5
